11 10
11 8
11 13
10 14
10 6
9 8
6 5
8 8

5 6 8
6 5 12
11 15 3
12 3 10
4 3 6

7 16 15 13 11 7 6 5 16 9
9 4 12 6 10 8 10 7 0 6

3 4 17 13 5 5 9
8 8 9 9 14 3 2
8 8 13 12 3 9 6
6 11 0 10 13 7 15
14 5 10 11 5 12 10
5 11 7 12 14 10 9
13 11 9 6 16 14 9
15 7 15 14 8 9 11

9 7
9 4
0 3
13 16

17 14 3 15 5 8 12
16 14 8 12 6 6 9
10 11 13 10 9 10 14

4 3 6 10 3
12 6 6 8 6
15 13 14 8 8
9 16 14 9 8
15 7 15 8 7
12 7 3 13 12

2 7 7
8 13 8
8 6 14
11 11 11
10 10 2
2 4 11

8 13 7 8 10 12 16
15 14 11 4 5 18 7
9 10 9 2 7 11 8
12 7 4 14 2 11 17
8 9 7 6 15 11 5
10 11 6 10 9 3 8

13 6 6 15 9 7
8 8 10 14 15 16
5 13 8 11 5 3
15 13 11 6 8 16
5 5 7 14 11 15
1 12 8 8 12 7
13 0 6 11 7 5

0.18181818181818188 0.0909090909090909 -0.18181818181818182
0.03030303030303032 -0.15151515151515155 0.2196969696969697
-0.2424242424242425 0.21212121212121215 -0.007575757575757551

-0.2972433693516702 -0.11167730844793723 -0.17835216110019672 0.2299852652259334 0.09629788801571706 -0.17457637524557967 0.37088654223968615
-0.17535916011787836 -0.08622912573673878 -0.16217460707269177 0.188298133595285 -0.09634393418467586 -0.13232134086444006 0.3998956286836939
-0.53431974459725 -0.12856090373280962 -0.496684675834971 0.43737721021611026 0.016024066797642365 -0.19959479371316324 0.7678045186640481
-0.10486247544204332 0.06335952848722982 -0.0417485265225934 0.010805500982318304 -0.03511787819253439 -0.06065815324165031 0.18320235756385087
0.1530114194499016 0.165305746561886 0.07131016699410597 0.3058079567779962 -0.009500859528487202 -0.32322875736738704 -0.29527873280943007
0.9129113457760324 0.24085216110019686 0.868430746561887 -0.8203585461689593 0.07241527504911603 0.6478082023575641 -1.516760805500984
0.21439096267190613 -0.06630648330058923 0.11345776031434224 -0.47642436149312406 0.04837917485265227 0.44720039292730857 -0.16846758349705374

-0.25000000000000006 0.5000000000000001
1.2500000000000002 -1.5000000000000004

-0.3289582569875842 -0.09997209595524148 0.36794332435842375 -0.028584401804965697 -0.10450184640676867 -0.40101247604042184 0.4993149400247468 0.2789262862925485 -0.29374659844530404
0.5452243785817188 0.30032848575095555 -0.8410848974567858 -0.033124111400028675 0.21395744457967172 0.8186165163542973 -0.9237948468071635 -0.03505876724614772 0.4085124488372057
0.5861743480864523 0.25025594076744073 -0.8601232757541151 0.013099777892656359 0.28438574123599986 0.8667874182082289 -0.8742610177175014 -0.2721086992565502 0.45144189033396903
-0.4880384231134758 -0.30700775134895686 0.9003351620656965 -0.01239673613046335 -0.21832711102029043 -0.8525369903800208 0.8967633336794445 0.19966957774891292 -0.5068150972501148
0.18965602778084656 0.21831586087666652 -0.4893148533433122 0.03531420083498198 0.28668427467834273 0.42094902154181196 -0.5058444496125432 -0.15492406798554015 0.31668250600822234
0.19554741446801685 0.08875404290509704 -0.2107764203629078 0.03701020609340978 -0.07441877792825093 0.3136685740885588 -0.30255712075996405 -0.06524677558895897 0.07187347904052148
-0.8511653950008425 -0.5210651562211546 1.168971624371353 0.07314935598460601 -0.3209243634401318 -1.1689127916530582 1.3767119813845172 0.27929920088938887 -0.5730611069071644
-0.08541606996335224 -0.011860417808202791 0.1409963901793255 -0.09759222950735622 0.023193923151928746 -0.10303158173515212 0.11140463944857334 0.022005649785242155 0.018175805809979892
0.40470436743485494 0.19451424554047086 -0.3755915777367406 0.035238585115543626 -0.029969460470776043 0.3533092850755044 -0.4720632191677368 -0.223733081674383 0.20406524861987488

0.5589341692789915 0.4670846394984283 0.5065830721003096 -0.46379310344827246 -0.23338557993730175 -1.1354231974921523 0.449999999999996
0.3611285266457633 0.5642633228840083 0.48714733542319383 -0.320689655172411 -0.2705329153604992 -1.0213166144200534 0.29999999999999666
-0.03404388714733259 -0.4219435736677089 -0.2756112852664557 0.23413793103448113 0.0877429467084626 0.4697178683385523 0.010000000000002153
1.9840125391849337 2.0062695924764724 1.7987460815046874 -1.3568965517241263 -0.900783699059552 -4.431347962382406 1.3499999999999865
-2.6244514106582844 -2.2257053291535858 -2.1548589341692614 1.6482758620689515 1.22821316614419 5.328526645767979 -1.799999999999984
0.20106583072100168 0.13291536050156616 0.21341692789968536 -0.07620689655172323 -0.10661442006269523 -0.30457680250783403 0.009999999999998996
-0.2099059561128489 -0.3529780564263291 -0.48940438871473063 0.30827586206896324 0.17912225705328977 0.7248902821316539 -0.13999999999999743

0.35294117647058826 -0.058823529411764684
-0.411764705882353 0.23529411764705882

0.33653846153846156 -0.17307692307692307 0.028846153846153855
-0.1346153846153846 0.2692307692307692 -0.2115384615384615
0.01923076923076923 -0.03846153846153846 0.17307692307692307

-0.3218226740090968 0.35245336954375234 -0.2722532302168315 0.03513630688458958 0.15953929488742227 -0.31124772210775997 0.06114013933978597 0.6748096154872869 0.018679520422071782
0.3905259837846451 -0.3005108868186398 0.23771299726342027 -0.10704887441730022 -0.008751351619080406 0.12411652945173413 -0.16498897584849953 -0.32838398996880475 -0.18735182577659537
-0.3189248541602208 0.3289343934872703 -0.12582230864579502 0.05570793320798628 0.18726959759220418 -0.4432332851113808 0.13300156887516354 0.49815645911501016 0.0798141921772372
-0.1159007867103816 0.13666602985386964 0.11806466372960887 -0.017970342534527794 0.1495043473730185 -0.17129084955758656 -0.007418761877255491 -0.07933379518342248 0.07406733191090366
-0.0708963472460849 -0.04724014553638176 -0.02588858434799911 0.13507153208796766 -0.0463577202616464 0.07813735901940252 0.031188925203656823 -0.06490076548328831 0.07978696146167621
0.15057835252455537 -0.07893369663825013 0.015706655294090648 0.007727626804544138 -0.15894943899365557 0.27264807559246623 -0.04631998320701072 -0.1599404655080104 -0.09464656996975244
-0.029034375240547007 -0.07423221710985185 -0.06304135788214507 -0.007187944040236266 -0.16629787272363541 0.1428360382868148 0.08202738466559076 0.08993394085703005 0.0654925511128036
0.2338792555765611 -0.19585509914446225 0.13300982385586502 -0.08138531869907509 0.003892277004561346 0.21021469167861476 -0.02797880978616174 -0.43968750288120256 -0.08543433312942458
0.0028195583435234378 0.11030155122880206 -0.014016528401100284 -0.02918853968533729 0.07359626197320622 -0.12287163547892066 -0.043656840666650785 -0.014279615708134808 0.08612067581061228

0.10553371460202597 -0.05408694328885379 0.05208112169446016 -0.09560953521608319 -0.0036351240508803633 -0.061573798231783584 0.06660220423625177 0.05378297305835448 -0.03708738645213336 0.026862042985299345
0.08143048560982871 0.05225669528802275 -0.03127055945438206 0.028273251417786527 -0.13497073628481715 0.054072470973674965 0.0255515959684385 -0.01832214025948145 0.006424438672828452 -0.05805683066562588
-0.05563540455114838 -0.0628518885085794 -0.088245005839821 0.11012045597904893 0.13041126884690024 -0.03579291040255813 0.024093921674457786 0.002086643673125155 -0.022353495311182983 0.04390031245271611
-0.011201526071323364 0.020017413993402223 -0.0050393037285250885 -0.03897759009496475 -0.06782553445322342 0.11194370198668224 0.08822175952825183 -0.06567865796391992 0.05643271996822318 -0.07698728796067866
-0.06773416255181683 0.03606897206066122 -0.04905073053029883 0.07590177830269257 0.10777849092251225 0.06874636441861172 -0.1513055415117984 0.010260758680586237 -0.1349657796458977 0.13740859213763332
0.0703434420317112 -0.046120622895250395 0.05164507892396127 -0.030409289440960812 0.0027843541599366153 -0.08387048239422597 0.015259960084433378 -0.04218570916509201 0.0884957318665174 0.03898095823911284
-0.03909780722633415 0.11345223869808188 0.012850085442763446 0.05605627729215854 -0.005698970625759201 -0.0055317199037181065 -0.016568157211588 0.02646645426395243 -0.11251556966208577 -0.027949735628879688
-0.00023788234875599243 0.019796834959531738 -0.019812201878264105 0.02588383031890005 -0.09952380807194479 -0.07638763022873435 -0.07220738867793756 0.004613812692247139 0.0612691226407902 0.16606193537290265
0.007795619330933821 0.028277894563152998 0.03801379239736271 -0.0978166234945583 0.08466797367353783 -0.016689108376642378 0.008167200945381849 0.09015279379480805 -0.023232787380806388 -0.12134383293332161
-0.1266269753881086 -0.06400263158722229 0.07500384292439936 -0.003982516961554371 0.0023945440423126137 0.08749265572058688 0.011504722125670561 -0.011460225156613128 0.12386417008684465 -0.12630359723051773

0.4154426887990901 0.36866939289084627 0.5619328768117695 -0.6218936772569992 -0.6914123938345391 0.41960461683645073
0.03448108984441165 -0.10254797106008179 0.12841483775739831 0.0006291286568103072 -0.0261088392576282 0.044087400488784574
-0.09069131560481042 -0.0720352312047814 -0.16722723643138868 0.19062598301352635 0.08902170493865998 -0.02613303651365935
0.021124204515207974 0.10349166404529726 -0.03922375202652018 0.03617489776659327 -0.0012582573136206293 -0.0803590872795025
-0.1948121083069179 -0.39886756841774146 -0.4160476201998693 0.4441648317080843 0.5671594841145013 -0.2589106395334768
-0.060565731846008705 0.1752123309216735 0.12391414813560138 -0.16671909405473417 -0.08115759672853094 0.08606963970285766

-1 0 -1 5
2 -2 -7 -2
2 -6 0 2

7 3 4 -3 -1 0 -5 -5
0 3 -6 4 4 3 6 0
-7 4 -6 -2 0 1 -4 -3
4 2 -3 6 -2 -1 0 -7
2 -1 3 -1 1 -1 -2 4
0 4 -5 -4 -1 5 1 0

0 7 -2
0 -1 2
4 1 2
2 5 4
-2 6 0

-4 5 -3
1 8 3
1 1 -8

5 5 -8 -1 6 -1 6
-2 -1 -5 -5 1 -2 3
6 -8 6 -3 -9 7 0
-5 0 2 1 -5 9 -3

5 3 5 1 3 3 -3 1
3 0 -4 1 -8 3 1 0
9 -2 3 -6 2 1 9 1
1 -2 3 -1 -2 3 6 -1
-9 -4 -8 0 -2 3 -1 5
-6 -1 -4 6 4 6 -1 -4
0 -5 1 -4 3 5 1 3
-1 1 -9 -2 2 2 -4 0

4 4 5 2 5 -1 -3 2 3
-1 1 -2 -2 3 -8 1 -6 0
2 -1 -2 -5 0 3 7 0 -2
0 7 -6 1 -2 -5 3 1 -6
-7 0 6 6 -4 2 -7 0 4
5 2 2 -9 3 -7 -2 -1 3
-1 7 8 4 -3 -6 -6 -3 0
-2 8 0 7 -2 1 4 2 3
-5 -3 4 -1 -2 -2 0 7 1
2 -2 1 5 -2 -5 -6 -4 5

-3 3 -3 -8
0 -2 4 -3
0 0 -3 -4
-1 -3 1 6
3 0 4 2
-5 -9 1 3
5 6 -3 -5
3 -1 0 4
4 -5 3 1
1 -2 3 5

3 1 5 5 -7
6 7 2 -2 -3
1 -1 5 2 3

-3 -5
0 -4
7 -7
-2 2
-4 6
-1 -3
1 -1

254 231 132
191 203 158
204 158 128

91 144 115 218 137 215 128
118 164 144 232 159 228 163
90 72 81 102 106 115 52
134 168 130 177 141 181 127
112 131 115 130 115 121 111
47 109 66 141 47 142 74
44 143 74 167 50 138 70

139 127 99 157 195 166 155 76
94 101 102 79 120 92 62 70
182 146 116 212 260 192 137 125
135 117 114 138 191 124 124 98
154 115 93 176 208 171 164 76
159 157 96 189 251 136 138 142
97 98 94 97 147 106 114 81
169 169 138 189 258 213 157 145

132 223 255 255 197 144
160 180 232 196 159 146
135 171 239 159 180 176
110 199 248 184 124 121
127 137 178 121 69 129
156 170 219 186 144 204

224 247 172
271 269 228
284 313 237

160 161 37 84
124 154 39 38
130 160 31 45
91 50 12 39

141 166
161 234

106 125 36
101 137 48
113 92 20

214 162
207 206

52 50 139 106 121 103 138 72 98 75
23 22 77 37 57 52 69 30 54 40
58 71 106 122 120 68 162 132 108 116
56 85 41 86 72 44 98 81 78 83
97 74 194 153 164 143 201 126 116 131
123 122 179 166 171 134 233 171 145 183
93 64 135 109 110 103 147 105 68 116
135 144 138 183 158 135 199 144 124 157
119 126 191 161 175 158 217 126 154 154
118 105 128 148 129 117 166 123 86 134

8 2 3 9 3
4 8 7 8 3
0 7 1 6 3
9 9 3 4 5
0 9 5 0 0

6 8
4 6

2 6 0 5 2 8
2 7 8 5 3 9
6 9 3 0 3 1
8 3 0 2 3 8
4 0 6 5 4 0
8 9 8 4 1 0

6 2 9 2 5 6 9 7 1 5
0 6 5 8 0 9 2 2 3 7
5 7 3 5 1 8 5 0 7 3
5 3 7 4 5 9 8 7 0 9
2 2 3 8 2 4 3 0 0 6
2 8 4 0 7 5 6 6 5 5
4 8 9 8 3 7 3 4 1 9
0 9 3 0 7 7 7 9 3 9
9 5 6 2 6 9 2 5 0 5
7 3 7 6 3 8 2 3 2 1

9 7 8 4 3 5 7 2
3 9 1 4 2 9 8 8
3 9 8 7 0 8 4 3
3 1 1 0 8 6 9 0
9 6 2 1 9 9 3 2
9 0 9 4 5 7 2 6
0 3 5 6 7 1 4 0
9 5 6 4 2 0 5 6

8 1 7 0 1
0 6 2 7 4
3 9 4 5 4
0 7 6 4 3
0 7 4 9 1

0 4
5 2

1 6 9
9 8 0
7 3 1

4 1 0 5
1 8 4 8
7 2 7 1
5 0 9 8

0 6 8
5 6 0
1 6 1

368.0000000000001]

-226900.0000000002]

10656.000000000005]

3269556.0000000237]

32.0]

-83648637.00000012]

-1585872.000000003]

-1311.9999999999961]

-239659097.99999952]

-184119095.99999988]

