11.00   10.00   
11.00   8.00    
11.00   13.00   
10.00   14.00   
10.00   6.00    
9.00    8.00    
6.00    5.00    
8.00    8.00    

5.00    6.00    8.00    
6.00    5.00    12.00   
11.00   15.00   3.00    
12.00   3.00    10.00   
4.00    3.00    6.00    

7.00    16.00   15.00   13.00   11.00   7.00    6.00    5.00    16.00   9.00    
9.00    4.00    12.00   6.00    10.00   8.00    10.00   7.00    0.00    6.00    

3.00    4.00    17.00   13.00   5.00    5.00    9.00    
8.00    8.00    9.00    9.00    14.00   3.00    2.00    
8.00    8.00    13.00   12.00   3.00    9.00    6.00    
6.00    11.00   0.00    10.00   13.00   7.00    15.00   
14.00   5.00    10.00   11.00   5.00    12.00   10.00   
5.00    11.00   7.00    12.00   14.00   10.00   9.00    
13.00   11.00   9.00    6.00    16.00   14.00   9.00    
15.00   7.00    15.00   14.00   8.00    9.00    11.00   

9.00    7.00    
9.00    4.00    
0.00    3.00    
13.00   16.00   

17.00   14.00   3.00    15.00   5.00    8.00    12.00   
16.00   14.00   8.00    12.00   6.00    6.00    9.00    
10.00   11.00   13.00   10.00   9.00    10.00   14.00   

4.00    3.00    6.00    10.00   3.00    
12.00   6.00    6.00    8.00    6.00    
15.00   13.00   14.00   8.00    8.00    
9.00    16.00   14.00   9.00    8.00    
15.00   7.00    15.00   8.00    7.00    
12.00   7.00    3.00    13.00   12.00   

2.00    7.00    7.00    
8.00    13.00   8.00    
8.00    6.00    14.00   
11.00   11.00   11.00   
10.00   10.00   2.00    
2.00    4.00    11.00   

8.00    13.00   7.00    8.00    10.00   12.00   16.00   
15.00   14.00   11.00   4.00    5.00    18.00   7.00    
9.00    10.00   9.00    2.00    7.00    11.00   8.00    
12.00   7.00    4.00    14.00   2.00    11.00   17.00   
8.00    9.00    7.00    6.00    15.00   11.00   5.00    
10.00   11.00   6.00    10.00   9.00    3.00    8.00    

13.00   6.00    6.00    15.00   9.00    7.00    
8.00    8.00    10.00   14.00   15.00   16.00   
5.00    13.00   8.00    11.00   5.00    3.00    
15.00   13.00   11.00   6.00    8.00    16.00   
5.00    5.00    7.00    14.00   11.00   15.00   
1.00    12.00   8.00    8.00    12.00   7.00    
13.00   0.00    6.00    11.00   7.00    5.00    

0.18    0.09    -0.18   
0.03    -0.15   0.22    
-0.24   0.21    -0.01   

-0.30   -0.11   -0.18   0.23    0.10    -0.17   0.37    
-0.18   -0.09   -0.16   0.19    -0.10   -0.13   0.40    
-0.53   -0.13   -0.50   0.44    0.02    -0.20   0.77    
-0.10   0.06    -0.04   0.01    -0.04   -0.06   0.18    
0.15    0.17    0.07    0.31    -0.01   -0.32   -0.30   
0.91    0.24    0.87    -0.82   0.07    0.65    -1.52   
0.21    -0.07   0.11    -0.48   0.05    0.45    -0.17   

-0.25   0.50    
1.25    -1.50   

-0.33   -0.10   0.37    -0.03   -0.10   -0.40   0.50    0.28    -0.29   
0.55    0.30    -0.84   -0.03   0.21    0.82    -0.92   -0.04   0.41    
0.59    0.25    -0.86   0.01    0.28    0.87    -0.87   -0.27   0.45    
-0.49   -0.31   0.90    -0.01   -0.22   -0.85   0.90    0.03    -0.51   
0.19    0.22    -0.49   0.04    0.29    0.42    -0.51   -0.15   0.32    
0.20    0.09    -0.21   0.04    -0.07   0.31    -0.30   -0.07   0.07    
-0.85   -0.52   1.17    0.07    -0.32   -1.17   1.38    0.28    -0.57   
-0.09   -0.01   0.14    -0.10   0.02    -0.10   0.11    0.02    0.02    
0.40    0.19    -0.38   0.04    -0.03   0.35    -0.47   -0.22   0.20    

0.56    0.47    0.51    -0.46   -0.23   -1.14   0.45    
0.36    0.56    0.49    -0.32   -0.27   -1.02   0.30    
-0.03   -0.42   -0.28   0.23    0.09    0.47    0.01    
1.98    2.01    1.80    -1.36   -0.90   -4.43   1.35    
-2.62   -2.23   -2.15   1.65    1.23    5.33    -1.80   
0.20    0.13    0.21    -0.08   -0.11   -0.30   0.01    
-0.21   -0.35   -0.49   0.31    0.18    0.72    -0.14   

0.35    -0.06   
-0.41   0.24    

0.34    -0.17   0.03    
-0.13   0.27    -0.21   
0.02    -0.04   0.17    

-0.32   0.35    -0.27   0.04    0.16    -0.31   0.06    0.67    0.02    
0.39    -0.30   0.24    -0.11   -0.01   0.12    -0.16   -0.33   -0.19   
-0.32   0.33    -0.13   0.06    0.19    -0.44   0.13    0.50    0.08    
-0.12   0.14    0.12    -0.02   0.15    -0.17   -0.01   -0.08   0.07    
-0.07   -0.05   -0.03   0.14    -0.05   0.08    0.03    -0.06   0.08    
0.15    -0.08   0.02    0.01    -0.16   0.27    -0.05   -0.16   -0.09   
-0.03   -0.07   -0.06   -0.01   -0.17   0.14    0.08    0.09    0.07    
0.23    -0.20   0.13    -0.08   0.00    0.21    -0.03   -0.44   -0.09   
0.00    0.11    -0.01   -0.03   0.07    -0.12   -0.04   -0.01   0.09    

0.11    -0.05   0.05    -0.10   -0.00   -0.06   0.07    0.05    -0.04   0.03    
-0.00   0.05    -0.03   0.03    -0.13   0.05    0.03    -0.02   0.01    -0.06   
-0.06   -0.06   -0.09   0.11    0.13    -0.04   0.02    0.00    -0.02   0.04    
-0.01   0.02    -0.01   -0.04   -0.07   0.11    0.09    -0.07   0.06    -0.08   
-0.07   0.04    -0.05   0.08    0.11    0.07    -0.15   0.01    -0.13   0.14    
0.07    -0.05   0.05    -0.03   0.00    -0.08   0.02    -0.04   0.09    0.04    
-0.04   0.11    0.01    0.06    -0.01   -0.01   -0.02   0.03    -0.11   -0.03   
-0.00   0.02    -0.02   0.03    -0.10   -0.08   -0.07   0.00    0.06    0.17    
0.01    0.03    0.04    -0.10   0.08    -0.02   0.01    0.09    -0.02   -0.12   
-0.13   -0.06   0.08    -0.00   0.00    0.09    0.01    -0.01   0.12    -0.13   

0.42    0.37    0.56    -0.62   -0.69   0.42    
0.03    -0.10   0.13    0.00    -0.03   0.04    
-0.09   -0.07   -0.17   0.19    0.09    -0.03   
0.02    0.10    -0.04   0.04    -0.00   -0.08   
-0.19   -0.40   -0.42   0.44    0.57    -0.26   
-0.06   0.18    0.12    -0.17   -0.08   0.09    

-1.00   0.00    -1.00   5.00    
2.00    -2.00   -7.00   -2.00   
2.00    -6.00   0.00    2.00    

7.00    3.00    4.00    -3.00   -1.00   0.00    -5.00   -5.00   
0.00    3.00    -6.00   4.00    4.00    3.00    6.00    0.00    
-7.00   4.00    -6.00   -2.00   0.00    1.00    -4.00   -3.00   
4.00    2.00    -3.00   6.00    -2.00   -1.00   0.00    -7.00   
2.00    -1.00   3.00    -1.00   1.00    -1.00   -2.00   4.00    
0.00    4.00    -5.00   -4.00   -1.00   5.00    1.00    0.00    

0.00    7.00    -2.00   
0.00    -1.00   2.00    
4.00    1.00    2.00    
2.00    5.00    4.00    
-2.00   6.00    0.00    

-4.00   5.00    -3.00   
1.00    8.00    3.00    
1.00    1.00    -8.00   

5.00    5.00    -8.00   -1.00   6.00    -1.00   6.00    
-2.00   -1.00   -5.00   -5.00   1.00    -2.00   3.00    
6.00    -8.00   6.00    -3.00   -9.00   7.00    0.00    
-5.00   0.00    2.00    1.00    -5.00   9.00    -3.00   

5.00    3.00    5.00    1.00    3.00    3.00    -3.00   1.00    
3.00    0.00    -4.00   1.00    -8.00   3.00    1.00    0.00    
9.00    -2.00   3.00    -6.00   2.00    1.00    9.00    1.00    
1.00    -2.00   3.00    -1.00   -2.00   3.00    6.00    -1.00   
-9.00   -4.00   -8.00   0.00    -2.00   3.00    -1.00   5.00    
-6.00   -1.00   -4.00   6.00    4.00    6.00    -1.00   -4.00   
0.00    -5.00   1.00    -4.00   3.00    5.00    1.00    3.00    
-1.00   1.00    -9.00   -2.00   2.00    2.00    -4.00   0.00    

4.00    4.00    5.00    2.00    5.00    -1.00   -3.00   2.00    3.00    
-1.00   1.00    -2.00   -2.00   3.00    -8.00   1.00    -6.00   0.00    
2.00    -1.00   -2.00   -5.00   0.00    3.00    7.00    0.00    -2.00   
0.00    7.00    -6.00   1.00    -2.00   -5.00   3.00    1.00    -6.00   
-7.00   0.00    6.00    6.00    -4.00   2.00    -7.00   0.00    4.00    
5.00    2.00    2.00    -9.00   3.00    -7.00   -2.00   -1.00   3.00    
-1.00   7.00    8.00    4.00    -3.00   -6.00   -6.00   -3.00   0.00    
-2.00   8.00    0.00    7.00    -2.00   1.00    4.00    2.00    3.00    
-5.00   -3.00   4.00    -1.00   -2.00   -2.00   0.00    7.00    1.00    
2.00    -2.00   1.00    5.00    -2.00   -5.00   -6.00   -4.00   5.00    

-3.00   3.00    -3.00   -8.00   
0.00    -2.00   4.00    -3.00   
0.00    0.00    -3.00   -4.00   
-1.00   -3.00   1.00    6.00    
3.00    0.00    4.00    2.00    
-5.00   -9.00   1.00    3.00    
5.00    6.00    -3.00   -5.00   
3.00    -1.00   0.00    4.00    
4.00    -5.00   3.00    1.00    
1.00    -2.00   3.00    5.00    

3.00    1.00    5.00    5.00    -7.00   
6.00    7.00    2.00    -2.00   -3.00   
1.00    -1.00   5.00    2.00    3.00    

-3.00   -5.00   
0.00    -4.00   
7.00    -7.00   
-2.00   2.00    
-4.00   6.00    
-1.00   -3.00   
1.00    -1.00   

254.00  231.00  132.00  
191.00  203.00  158.00  
204.00  158.00  128.00  

91.00   144.00  115.00  218.00  137.00  215.00  128.00  
118.00  164.00  144.00  232.00  159.00  228.00  163.00  
90.00   72.00   81.00   102.00  106.00  115.00  52.00   
134.00  168.00  130.00  177.00  141.00  181.00  127.00  
112.00  131.00  115.00  130.00  115.00  121.00  111.00  
47.00   109.00  66.00   141.00  47.00   142.00  74.00   
44.00   143.00  74.00   167.00  50.00   138.00  70.00   

5.00    40.00   0.00    30.00   10.00   15.00   35.00   30.00   
35.00   10.00   30.00   25.00   5.00    0.00    15.00   0.00    
40.00   15.00   40.00   5.00    25.00   5.00    45.00   35.00   
10.00   0.00    15.00   45.00   10.00   20.00   35.00   25.00   
5.00    30.00   0.00    30.00   10.00   15.00   35.00   45.00   
15.00   10.00   10.00   10.00   45.00   40.00   30.00   25.00   
0.00    10.00   5.00    45.00   0.00    25.00   30.00   15.00   
40.00   30.00   45.00   20.00   10.00   20.00   45.00   20.00   

132.00  223.00  255.00  255.00  197.00  144.00  
160.00  180.00  232.00  196.00  159.00  146.00  
135.00  171.00  239.00  159.00  180.00  176.00  
110.00  199.00  248.00  184.00  124.00  121.00  
127.00  137.00  178.00  121.00  69.00   129.00  
156.00  170.00  219.00  186.00  144.00  204.00  

224.00  247.00  172.00  
271.00  269.00  228.00  
284.00  313.00  237.00  

160.00  161.00  37.00   84.00   
124.00  154.00  39.00   38.00   
130.00  160.00  31.00   45.00   
91.00   50.00   12.00   39.00   

141.00  166.00  
161.00  234.00  

106.00  125.00  36.00   
101.00  137.00  48.00   
113.00  92.00   20.00   

214.00  162.00  
207.00  206.00  

52.00   50.00   139.00  106.00  121.00  103.00  138.00  72.00   98.00   75.00   
23.00   22.00   77.00   37.00   57.00   52.00   69.00   30.00   54.00   40.00   
58.00   71.00   106.00  122.00  120.00  68.00   162.00  132.00  108.00  116.00  
56.00   85.00   41.00   86.00   72.00   44.00   98.00   81.00   78.00   83.00   
97.00   74.00   194.00  153.00  164.00  143.00  201.00  126.00  116.00  131.00  
123.00  122.00  179.00  166.00  171.00  134.00  233.00  171.00  145.00  183.00  
93.00   64.00   135.00  109.00  110.00  103.00  147.00  105.00  68.00   116.00  
135.00  144.00  138.00  183.00  158.00  135.00  199.00  144.00  124.00  157.00  
119.00  126.00  191.00  161.00  175.00  158.00  217.00  126.00  154.00  154.00  
118.00  105.00  128.00  148.00  129.00  117.00  166.00  123.00  86.00   134.00  

8.00    2.00    3.00    9.00    3.00    
4.00    8.00    7.00    8.00    3.00    
0.00    7.00    1.00    6.00    3.00    
9.00    9.00    3.00    4.00    5.00    
0.00    9.00    5.00    0.00    0.00    

6.00    8.00    
4.00    6.00    

2.00    6.00    0.00    5.00    2.00    8.00    
2.00    7.00    8.00    5.00    3.00    9.00    
6.00    9.00    3.00    0.00    3.00    1.00    
8.00    3.00    0.00    2.00    3.00    8.00    
4.00    0.00    6.00    5.00    4.00    0.00    
8.00    9.00    8.00    4.00    1.00    0.00    

6.00    2.00    9.00    2.00    5.00    6.00    9.00    7.00    1.00    5.00    
0.00    6.00    5.00    8.00    0.00    9.00    2.00    2.00    3.00    7.00    
5.00    7.00    3.00    5.00    1.00    8.00    5.00    0.00    7.00    3.00    
5.00    3.00    7.00    4.00    5.00    9.00    8.00    7.00    0.00    9.00    
2.00    2.00    3.00    8.00    2.00    4.00    3.00    0.00    0.00    6.00    
2.00    8.00    4.00    0.00    7.00    5.00    6.00    6.00    5.00    5.00    
4.00    8.00    9.00    8.00    3.00    7.00    3.00    4.00    1.00    9.00    
0.00    9.00    3.00    0.00    7.00    7.00    7.00    9.00    3.00    9.00    
9.00    5.00    6.00    2.00    6.00    9.00    2.00    5.00    0.00    5.00    
7.00    3.00    7.00    6.00    3.00    8.00    2.00    3.00    2.00    1.00    

9.00    7.00    8.00    4.00    3.00    5.00    7.00    2.00    
3.00    9.00    1.00    4.00    2.00    9.00    8.00    8.00    
3.00    9.00    8.00    7.00    0.00    8.00    4.00    3.00    
3.00    1.00    1.00    0.00    8.00    6.00    9.00    0.00    
9.00    6.00    2.00    1.00    9.00    9.00    3.00    2.00    
9.00    0.00    9.00    4.00    5.00    7.00    2.00    6.00    
0.00    3.00    5.00    6.00    7.00    1.00    4.00    0.00    
9.00    5.00    6.00    4.00    2.00    0.00    5.00    6.00    

8.00    1.00    7.00    0.00    1.00    
0.00    6.00    2.00    7.00    4.00    
3.00    9.00    4.00    5.00    4.00    
0.00    7.00    6.00    4.00    3.00    
0.00    7.00    4.00    9.00    1.00    

0.00    4.00    
5.00    2.00    

1.00    6.00    9.00    
9.00    8.00    0.00    
7.00    3.00    1.00    

4.00    1.00    0.00    5.00    
1.00    8.00    4.00    8.00    
7.00    2.00    7.00    1.00    
5.00    0.00    9.00    8.00    

0.00    6.00    8.00    
5.00    6.00    0.00    
1.00    6.00    1.00    

368.00  

-226900.00

10656.00

3269556.00

32.00

-83648637.00

-1585872.00

-1312.00

-239659098.00

-184119096.00

