6 9 6 16 7 7
9 9 9 8 15 10
3 15 12 3 6 0
6 10 5 13 13 5
10 8 11 2 12 8

14 11 9 2
12 10 15 9
8 2 16 7
13 7 6 3
0 12 11 14
10 7 9 8
1 13 15 17
16 17 10 5
11 2 3 10
9 11 6 6

2 6 12 11 11 10 12 12 7 10
4 13 4 4 8 1 3 11 6 7
3 10 14 14 12 16 8 14 11 9
12 10 16 8 5 9 10 14 10 10
3 8 5 2 15 7 7 5 6 4
9 7 8 10 12 14 4 8 8 5
16 8 6 4 12 10 6 8 5 14
9 10 9 4 13 13 0 11 9 5

10 6 9 10 9 5
12 14 9 6 15 13
9 6 7 9 4 9
9 2 11 14 11 9
11 11 11 7 9 12
8 3 6 3 10 12
10 10 16 8 9 9

2 6 17 4 11
10 7 3 13 12
17 12 3 2 5

10 5 5 15 6 7 16 8 9 14
16 3 14 12 6 9 8 10 9 7
9 3 14 13 9 10 6 13 6 16
7 15 6 10 5 5 8 10 8 8
7 9 6 12 8 6 4 8 10 0
13 10 4 5 3 9 10 12 5 15
11 6 8 6 12 8 15 14 10 10
16 11 14 10 10 11 4 2 14 3
11 5 10 9 8 6 5 9 14 11
10 1 3 11 8 10 13 10 5 10

1 9 13 2 6 6
12 6 8 12 7 3
10 1 5 12 12 12
4 7 13 13 4 7
5 16 3 3 11 7
15 8 14 8 13 14
6 10 10 15 10 10

9 13
12 10
12 8
7 8
8 15

7 16 7 7 17
7 13 4 5 7
13 9 5 9 3
7 13 9 6 12
11 8 10 5 6
4 15 11 11 7
11 13 11 14 11
16 7 11 13 11

7 11 8 7 12 3
3 5 4 7 17 14
6 13 5 10 11 1

-8 -6 -5 -5 0 -1 0 1 2 1
-1 4 -5 -3 0 3 0 0 -5 -2

4 5 1 -3 1 -1 0 -5 -3
-8 0 7 -8 -5 0 4 -2 5
0 1 -4 4 5 7 -1 0 -2
0 3 -4 -4 -6 2 -3 -5 -1

-6 3 0 0 3 8 -3 -1 6 0
3 -2 -1 4 9 -6 1 2 -3 -7
-1 0 -3 -7 -2 -5 1 1 2 2
7 0 0 2 4 -7 0 -3 -7 6

5 6 1 0 -5 -2 -1 0 -9 1
-5 -6 -6 2 0 -1 -2 -1 3 -1
-1 -4 -3 -5 1 1 0 7 2 5
-4 -2 2 -6 4 -2 6 0 -5 2
-7 -7 -2 1 -2 9 -6 -3 3 4
-8 1 5 2 1 -2 -7 0 -5 -4
7 5 0 -5 0 8 -1 0 -1 -2
5 -1 0 1 3 1 8 -6 -3 -6

-4 2 -1 -1
-2 -7 -5 5
1 -7 -1 0
-9 -9 -4 5
-7 1 2 2
2 -5 0 1
-7 2 -3 -4
-7 1 1 -1

-4 2 0 6
4 7 2 5
-4 3 -5 5

-4 -2 -3 7 2
0 3 -5 -5 4
-5 5 0 -7 6
8 -3 4 -1 7

5 2 6 -7 -8 -2
0 -1 1 -5 6 2

0 1 -2 4 -3 0
-7 0 4 -4 0 -1
-6 -1 -2 -7 -3 2
5 -3 0 4 0 -3
-9 -2 -1 -7 3 -3
-4 -8 -6 5 -5 0
0 -5 -1 4 -1 -6
-4 -6 -6 -3 -3 7

0 2
0 7
-8 -1
2 -5

254 217 230 152 203 207 192 211 158
233 210 237 171 265 209 88 165 125
273 275 292 211 223 264 178 188 186
203 200 186 128 167 178 124 154 162
260 204 220 153 151 187 183 157 133
186 200 219 194 191 184 116 201 152
259 220 267 215 250 212 166 208 89
184 157 208 147 155 182 135 123 79
199 170 230 166 195 196 120 180 125

32 14 37 83
26 26 73 116
51 31 78 143
40 20 50 102

44 51 44 44 50 39 57 65 18 38
155 124 114 165 160 76 138 194 47 100
74 68 48 94 62 16 74 96 28 56
45 68 68 113 61 80 57 132 64 82
90 75 94 83 125 106 82 132 33 63
94 85 104 135 128 118 81 174 62 91
53 50 40 78 49 23 51 81 28 47
70 75 72 119 80 68 71 136 54 79
70 34 40 73 72 21 38 75 14 31
130 121 118 132 151 105 134 181 47 96

98 213 122 118
59 88 72 30
51 101 56 42
30 75 50 58

143 99 161 98 154 52 182 173 179 137
116 97 161 68 110 34 136 136 163 125
137 87 104 112 134 41 120 128 106 122
164 134 200 115 166 56 180 176 200 162
73 109 111 70 132 37 118 85 106 40
79 32 80 61 92 36 72 105 94 82
129 110 150 97 150 47 156 145 155 115
118 104 151 86 114 52 154 113 150 112
131 96 124 106 108 58 154 99 122 118
100 90 120 81 87 47 111 74 109 94

208 149 164 159 147 175 188
196 87 119 139 97 75 183
255 150 178 188 160 148 231
231 145 177 157 150 178 165
286 159 165 225 189 134 251
342 281 239 293 219 186 326
357 223 196 272 248 196 303

136 167 199 308 152
144 207 158 283 118
87 159 210 231 134
122 149 162 204 174
120 197 194 267 128

194 107
199 77

48 66 54 84 48 18
18 54 63 81 63 0
30 25 10 25 5 15
68 87 67 108 58 27
12 36 42 54 42 0
40 42 26 48 20 18

160 109 91 145
281 248 211 298
247 251 219 275
220 211 160 247

155364.00000000032

-71.99999999999993

-123611125.00000025

1740377.9999999986

-18492560.00000004

190291.0000000004

-14581.999999999996

-21124146.000000015

-2119.0000000000086

-95.99999999999999

4 3 6 2 0 6 6 8 8 7
0 6 5 0 6 7 2 7 4 6
0 0 6 0 0 7 3 6 6 3
0 0 0 1 7 2 4 5 0 6
0 0 0 0 3 5 2 4 3 3
0 0 0 0 0 8 6 0 6 9
0 0 0 0 0 0 6 8 3 9
0 0 0 0 0 0 0 1 0 1
0 0 0 0 0 0 0 0 8 8
0 0 0 0 0 0 0 0 0 6

1 0 0 4
0 6 4 5
0 0 4 6
0 0 0 3

7 2 5 6 9 2 6
0 4 9 9 0 7 7
0 0 6 6 5 3 9
0 0 0 4 8 0 7
0 0 0 0 5 1 6
0 0 0 0 0 5 2
0 0 0 0 0 0 5

6 7 5
0 1 8
0 0 7

7 0 6 2
0 7 3 6
0 0 4 3
0 0 0 8

9 7 1 3 4 2
0 2 1 8 9 5
0 0 0 5 2 7
0 0 0 9 4 6
0 0 0 0 7 0
0 0 0 0 0 9

6 4 9 7 2 3 4 3
0 7 9 7 1 4 9 9
0 0 9 3 1 4 3 0
0 0 0 8 3 3 1 1
0 0 0 0 1 5 1 9
0 0 0 0 0 0 3 0
0 0 0 0 0 0 7 1
0 0 0 0 0 0 0 6

6 3 1 1 6 8 9
0 1 0 7 3 2 7
0 0 9 2 6 7 4
0 0 0 9 2 5 7
0 0 0 0 9 6 6
0 0 0 0 0 6 0
0 0 0 0 0 0 5

0 1 9 9 3
0 4 2 9 3
0 0 1 8 9
0 0 0 5 6
0 0 0 0 5

8 9 8 2 1 2 8 3
0 8 4 3 5 1 9 4
0 0 6 7 2 1 5 6
0 0 0 0 6 4 6 9
0 0 0 0 2 4 6 0
0 0 0 0 0 9 9 2
0 0 0 0 0 0 0 9
0 0 0 0 0 0 0 8

0 0 3 1 2 0 8
6 4 2 1 3 4 0
3 4 1 0 4 5 8
6 6 3 9 9 2 8
5 1 1 5 2 0 8
8 0 7 1 4 4 2
1 1 1 5 4 0 2

6 6 1 2 7 7 1 6
8 1 9 7 4 0 8 2
5 3 9 1 7 7 1 3
9 6 2 1 0 5 6 8
5 9 8 7 1 7 1 5
4 0 5 4 1 5 2 2
5 0 6 5 3 9 7 9
1 0 7 5 1 7 4 4

1 2 5 3 4
3 3 2 6 9
4 3 9 8 9
0 8 5 0 6
8 2 9 6 5

7 5 0 9 1 7 2 5 8 8
2 7 1 8 5 5 7 3 5 8
3 4 6 0 4 5 3 9 1 7
6 7 8 0 5 4 1 5 0 5
6 3 0 0 9 8 0 2 5 8
4 9 4 2 2 6 2 6 7 6
5 1 2 5 8 6 9 6 7 0
0 2 3 9 2 2 5 4 2 1
3 4 7 2 7 9 1 7 6 8
9 8 2 1 3 8 0 8 3 1

0 9 5
7 6 6
3 0 7

9 8 9 8 3 2 0
2 7 8 1 7 7 9
7 8 4 8 3 4 9
0 6 1 0 7 2 0
9 5 4 6 7 4 0
7 8 9 3 7 1 8
1 9 3 3 3 9 2

2 3 1 9 3 0 9 9 3 2
7 3 0 2 7 1 7 4 7 5
9 6 8 8 2 1 5 9 8 1
2 0 3 0 4 8 3 2 1 7
7 2 2 3 6 0 2 0 5 0
2 2 5 8 0 1 7 3 1 0
5 5 9 3 4 4 6 3 9 5
4 3 2 2 4 2 7 5 5 8
9 0 9 8 3 7 3 2 5 7
8 3 8 4 4 6 2 8 2 7

5 5 6
7 6 6
9 1 0

6 0 2 1 2 7 4 9 2
2 0 5 5 4 7 1 3 3
3 3 8 3 4 2 9 1 9
8 1 1 5 1 7 0 6 9
1 4 3 4 7 6 9 9 7
3 4 1 4 1 8 3 7 1
3 0 8 4 8 5 6 1 8
6 9 1 5 6 7 6 2 6
9 1 9 5 3 2 5 2 9

0 5 7 9 6 9 3 3
9 5 0 7 8 1 7 1
7 5 8 9 7 9 8 1
5 0 3 8 3 8 8 2
6 4 9 8 7 8 6 6
3 2 4 9 5 8 3 9
8 0 3 9 3 2 7 2
6 5 1 9 3 7 2 1

